1          1          1          1          1          0            0             0
2          1          1          4          1          0            0             0
3          1          2          2          1          3            0             0
4          1          5          2          1          4            0             0
5          1          3          2          1          5            0             0
6          2          2          1          1          0            0             0
7          2          2          4          1          0            0             0
8          2          1          2          1          3            0             0
9          2          4          2          1          8            0             0
10         2          6          2          1          9            0             0
11         3          1          2          1          5            0             0
12         3          9          2          1          10           0             0
13         3          3          4          1          0            0             0
14         3          24         2          1          12           0             0
15         4          2          2          1          8            0             0
16         4          9          2          1          13           0             0
17         4          4          4          1          0            0             0
18         5          1          2          1          4            0             0
19         5          10         2          1          15           0             0
20         5          5          4          1          0            0             0
21         6          6          4          1          0            0             0
22         6          2          2          1          9            0             0
23         6          10         2          1          18           0             0
24         7          7          1          1          0            0             0
25         7          8          2          1          20           0             0
26         7          7          4          1          0            0             0
27         8          8          4          1          0            0             0
28         8          7          2          1          20           0             0
29         8          9          2          1          23           0             0
30         8          10         2          1          24           0             0
31         9          3          2          1          10           0             0
32         9          4          2          1          13           0             0
33         9          8          2          1          23           0             0
34         9          12         2          1          25           0             0
35         9          11         2          1          26           0             0
36         9          9          4          1          0            0             0
37         10         8          2          1          24           0             0
38         10         6          2          1          18           0             0
39         10         5          2          1          15           0             0
40         10         11         2          1          28           0             0
41         10         12         2          1          29           0             0
42         10         10         4          1          0            0             0
43         11         10         2          0          28           0             0
44         11         9          2          1          26           0             0
45         11         13         2          1          31           0             0
46         11         14         2          1          32           0             0
47         12         10         2          1          29           0             0
48         12         9          2          1          25           0             0
49         12         23         2          1          33           0             0
50         12         13         2          1          34           0             0
51         13         13         1          1          0            0             0
52         13         11         2          1          31           0             0
53         13         12         2          1          34           0             0
54         13         23         2          1          36           0             0
55         13         13         4          1          0            0             0
56         14         11         2          1          32           0             0
57         14         14         4          1          0            0             0
58         14         16         2          1          39           0             0
59         14         14         1          1          0            0             0
60         15         15         1          1          0            0             0
61         15         15         3          1          -41          -81           15
62         15         15         3          1          -41          -82           15
63         15         15         3          1          -42          -81           15
64         15         15         3          1          -42          -43           15
65         15         16         2          1          43           0             0
66         15         15         3          1          -43          -82           15
67         15         15         3          1          -44          -82           15
68         15         15         3          1          -44          -81           15
69         15         15         3          1          -45          -81           15
70         15         15         3          1          -45          -46           15
71         15         15         3          1          -46          -82           15
72         15         15         4          1          0            0             0
73         15         21         2          1          45           0             0
74         15         21         2          1          46           0             0
75         16         16         1          1          0            0             0
76         16         16         4          1          0            0             0
77         16         17         2          1          49           0             0
78         16         15         2          1          43           0             0
79         16         14         2          1          39           0             0
80         16         19         2          1          50           0             0
81         17         16         2          1          49           0             0
82         17         18         2          1          51           0             0
83         17         22         2          1          52           0             0
84         18         17         2          1          51           0             0            
85         18         18         1          1          0            0             0
86         18         18         4          1          0            0             0
87         18         21         2          1          55           0             0
88         18         21         2          1          56           0             0
89         19         20         2          1          57           0             0
90         19         20         2          1          58           0             0
91         19         19         4          1          0            0             0
92         19         16         2          1          50           0             0
93         20         20         4          1          0            0             0
94         20         19         2          1          58           0             0
95         20         19         2          1          57           0             0
96         20         23         2          1          61           0             0
97         20         23         2          1          62           0             0
98         21         18         2          1          56           0             0
99         21         18         2          1          55           0             0
100        21         21         1          1          0            0             0
101        21         22         2          1          64           0             0
102        21         15         2          1          46           0             0
103        21         15         2          1          45           0             0
104        22         21         2          1          64           0             0
105        22         17         2          1          52           0             0
106        22         22         1          1          0            0             0
107        23         20         2          1          42           0             0
108        23         23         3          1          -62          -66           23
109        23         23         3          1          -62          -61           23
110        23         20         2          1          61           0             0
111        23         23         3          1          -61          -36           23
112        23         13         2          1          36           0             0
113        23         23         3          1          -36          -33           23
114        23         12         2          1          33           0             0
115        23         23         3          1          -33          -66           23
116        23         23         1          1          0            0             0
117        24         15         2          1          42           0             0
118        24         3          2          1          12           0             0
119        15         24         2          1          42           0             0     

                
                